Luigi Flashlight Off Left:
(0,60) (50, 0) 
(200, 60) (250, 0)  
(50,120) (100, 60)  
(150, 120) (200, 60) 


Luigi Flashlight off right:
(50, 60) (100, 0) 
(0, 180) (50, 120) 
(100, 180) (150, 120) 
(200, 180) (250, 120) 

Luigi no equipment left:
(100, 240) (150, 180) 
(150, 240) (200, 180)
(200, 240) (250, 180)
(0, 240) (50, 180)

Luigi no equipment right:
(250, 60) (300, 0)
(250, 220) (300, 60)
(250, 180) (300, 120)
(50, 240) (100, 180) 

Luigi walking right:
(250, 240) (300 , 180)
(200, 120) (250, 60)
(50, 180) (100, 120) 
(150, 180) (200, 120) 

Luigi walking left: 
(100, 60) (150, 0) 
(150, 60) (200, 0) 
(0, 120) (50, 60) 
(100, 120) (150, 60)
